-88.29992664	20.63328984	0.2233016342	21915	Tekom
-88.29575997	20.63328984	0.2515507936	21915	Tekom
-88.2915933	20.63328984	0.1853555888	21915	Tekom
-88.28742663	20.63328984	0.1996035874	21915	Tekom
-88.28325996	20.63328984	0.2168902606	21915	Tekom
-88.29992664	20.62912317	0.1633857191	21915	Tekom
-88.29575997	20.62912317	0.1746588796	21915	Tekom
-88.2915933	20.62912317	0.1893257946	21915	Tekom
-88.28742663	20.62912317	0.2072421014	21915	Tekom
-88.28325996	20.62912317	0.2012863159	21915	Tekom
-88.27909329	20.62912317	0.1822713315	21915	Tekom
-88.27492662	20.62912317	0.1717640609	21915	Tekom
-88.27075995	20.62912317	0.2008568347	21915	Tekom
-88.26659328	20.62912317	0.2295542061	21915	Tekom
-88.26242661	20.62912317	0.2115103006	21915	Tekom
-88.25825994	20.62912317	0.1919009089	21915	Tekom
-88.25409327	20.62912317	0.223579675	21915	Tekom
-88.2499266	20.62912317	0.2190668583	21915	Tekom
-88.24575993	20.62912317	0.2222497314	21915	Tekom
-88.29992664	20.6249565	0.1532453895	21915	Tekom
-88.29575997	20.6249565	0.1665901393	21915	Tekom
-88.2915933	20.6249565	0.1723840088	21915	Tekom
-88.28742663	20.6249565	0.184422195	21915	Tekom
-88.28325996	20.6249565	0.1847823411	21915	Tekom
-88.27909329	20.6249565	0.1765313298	21915	Tekom
-88.27492662	20.6249565	0.1822318435	21915	Tekom
-88.27075995	20.6249565	0.192091167	21915	Tekom
-88.26659328	20.6249565	0.1886779219	21915	Tekom
-88.26242661	20.6249565	0.1976938248	21915	Tekom
-88.25825994	20.6249565	0.1889208555	21915	Tekom
-88.25409327	20.6249565	0.1970377862	21915	Tekom
-88.2499266	20.6249565	0.2209171653	21915	Tekom
-88.24575993	20.6249565	0.240366146	21915	Tekom
-88.29992664	20.62078983	0.1368392557	21915	Tekom
-88.29575997	20.62078983	0.1624586135	21915	Tekom
-88.2915933	20.62078983	0.1859078556	21915	Tekom
-88.28742663	20.62078983	0.1685726494	21915	Tekom
-88.28325996	20.62078983	0.1860451996	21915	Tekom
-88.27909329	20.62078983	0.1957454979	21915	Tekom
-88.27492662	20.62078983	0.1690828651	21915	Tekom
-88.27075995	20.62078983	0.1714944243	21915	Tekom
-88.26659328	20.62078983	0.1808341593	21915	Tekom
-88.26242661	20.62078983	0.2048672289	21915	Tekom
-88.25825994	20.62078983	0.1860330999	21915	Tekom
-88.25409327	20.62078983	0.1905394197	21915	Tekom
-88.2499266	20.62078983	0.2158013582	21915	Tekom
-88.24575993	20.62078983	0.2201629281	21915	Tekom
-88.30409331	20.61662316	0.183072716	21915	Tekom
-88.29992664	20.61662316	0.1510728896	21915	Tekom
-88.29575997	20.61662316	0.1561909467	21915	Tekom
-88.2915933	20.61662316	0.1766319275	21915	Tekom
-88.28742663	20.61662316	0.1636827737	21915	Tekom
-88.28325996	20.61662316	0.1749388129	21915	Tekom
-88.27909329	20.61662316	0.211060822	21915	Tekom
-88.27492662	20.61662316	0.2619116306	21915	Tekom
-88.27075995	20.61662316	0.357648313	21915	Tekom
-88.26659328	20.61662316	0.4480093122	21915	Tekom
-88.26242661	20.61662316	0.361456275	21915	Tekom
-88.25825994	20.61662316	0.2513308227	21915	Tekom
-88.25409327	20.61662316	0.1727539301	21915	Tekom
-88.2499266	20.61662316	0.1812835932	21915	Tekom
-88.30409331	20.61245649	0.1561000496	21915	Tekom
-88.29992664	20.61245649	0.1418823302	21915	Tekom
-88.29575997	20.61245649	0.1490785331	21915	Tekom
-88.2915933	20.61245649	0.1597507298	21915	Tekom
-88.28742663	20.61245649	0.1689179093	21915	Tekom
-88.28325996	20.61245649	0.2017973512	21915	Tekom
-88.27909329	20.61245649	0.4343810976	21915	Tekom
-88.27492662	20.61245649	0.6210909486	21915	Tekom
-88.27075995	20.61245649	1.222126126	21915	Tekom
-88.26659328	20.61245649	1.352509379	21915	Tekom
-88.26242661	20.61245649	0.9105338454	21915	Tekom
-88.25825994	20.61245649	0.4978467822	21915	Tekom
-88.25409327	20.61245649	0.2777797878	21915	Tekom
-88.2499266	20.61245649	0.191314429	21915	Tekom
-88.30825998	20.60828982	0.1429850161	21915	Tekom
-88.30409331	20.60828982	0.1435303837	21915	Tekom
-88.29992664	20.60828982	0.1402475238	21915	Tekom
-88.29575997	20.60828982	0.1488394588	21915	Tekom
-88.2915933	20.60828982	0.1698337346	21915	Tekom
-88.28742663	20.60828982	0.1967788786	21915	Tekom
-88.28325996	20.60828982	0.2408883423	21915	Tekom
-88.27909329	20.60828982	0.7907460928	21915	Tekom
-88.27492662	20.60828982	1.584632635	21915	Tekom
-88.27075995	20.60828982	3.056009531	21915	Tekom
-88.26659328	20.60828982	3.554372311	21915	Tekom
-88.26242661	20.60828982	2.181612968	21915	Tekom
-88.25825994	20.60828982	0.7423309684	21915	Tekom
-88.25409327	20.60828982	0.2531246543	21915	Tekom
-88.30825998	20.60412315	0.1562829614	21915	Tekom
-88.30409331	20.60412315	0.1452376693	21915	Tekom
-88.29992664	20.60412315	0.1559059769	21915	Tekom
-88.29575997	20.60412315	0.16640535	21915	Tekom
-88.2915933	20.60412315	0.1792780608	21915	Tekom
-88.28742663	20.60412315	0.1859518439	21915	Tekom
-88.28325996	20.60412315	0.2529265881	21915	Tekom
-88.27909329	20.60412315	0.8905767202	21915	Tekom
-88.27492662	20.60412315	1.732666492	21915	Tekom
-88.27075995	20.60412315	3.350659609	21915	Tekom
-88.26659328	20.60412315	3.698909998	21915	Tekom
-88.26242661	20.60412315	1.996385336	21915	Tekom
-88.31242665	20.59995648	0.1298956871	21915	Tekom
-88.30825998	20.59995648	0.1348861605	21915	Tekom
-88.30409331	20.59995648	0.1303994209	21915	Tekom
-88.29992664	20.59995648	0.1418068856	21915	Tekom
-88.29575997	20.59995648	0.1670967489	21915	Tekom
-88.2915933	20.59995648	0.1626856178	21915	Tekom
-88.28742663	20.59995648	0.140682593	21915	Tekom
-88.28325996	20.59995648	0.1870645881	21915	Tekom
-88.27909329	20.59995648	0.6442255974	21915	Tekom
-88.27492662	20.59995648	1.287970662	21915	Tekom
-88.27075995	20.59995648	1.864732623	21915	Tekom
-88.26659328	20.59995648	2.005577564	21915	Tekom
-88.31659332	20.59578981	0.1211544275	21915	Tekom
-88.31242665	20.59578981	0.1110032573	21915	Tekom
-88.30825998	20.59578981	0.127147913	21915	Tekom
-88.30409331	20.59578981	0.1255749464	21915	Tekom
-88.29992664	20.59578981	0.1377573311	21915	Tekom
-88.29575997	20.59578981	0.1567123979	21915	Tekom
-88.2915933	20.59578981	0.1534319669	21915	Tekom
-88.28742663	20.59578981	0.1368740201	21915	Tekom
-88.28325996	20.59578981	0.1763921082	21915	Tekom
-88.27909329	20.59578981	0.3013238609	21915	Tekom
-88.27492662	20.59578981	0.6707603931	21915	Tekom
-88.27075995	20.59578981	0.9515818357	21915	Tekom
-88.31659332	20.59162314	0.1226889566	21915	Tekom
-88.31242665	20.59162314	0.1290989518	21915	Tekom
-88.30825998	20.59162314	0.1331690848	21915	Tekom
-88.30409331	20.59162314	0.1486162841	21915	Tekom
-88.29992664	20.59162314	0.1559959352	21915	Tekom
-88.29575997	20.59162314	0.168888256	21915	Tekom
-88.2915933	20.59162314	0.1520799696	21915	Tekom
-88.28742663	20.59162314	0.1399415284	21915	Tekom
-88.28325996	20.59162314	0.1554527581	21915	Tekom
-88.27909329	20.59162314	0.1629606932	21915	Tekom
-88.27492662	20.59162314	0.2633994818	21915	Tekom
-88.27075995	20.59162314	0.3009053767	21915	Tekom
-88.31242665	20.58745647	0.1426077187	21915	Tekom
-88.30825998	20.58745647	0.1289467812	21915	Tekom
-88.30409331	20.58745647	0.1343912631	21915	Tekom
-88.29992664	20.58745647	0.1500477195	21915	Tekom
-88.29575997	20.58745647	0.1656908244	21915	Tekom
-88.2915933	20.58745647	0.1505766809	21915	Tekom
-88.28742663	20.58745647	0.1379713267	21915	Tekom
-88.28325996	20.58745647	0.1512176543	21915	Tekom
-88.27909329	20.58745647	0.160198018	21915	Tekom
-88.27492662	20.58745647	0.1602125913	21915	Tekom
-88.27075995	20.58745647	0.1608620137	21915	Tekom
-88.31242665	20.5832898	0.1555106193	21915	Tekom
-88.30825998	20.5832898	0.1493846029	21915	Tekom
-88.30409331	20.5832898	0.1354828179	21915	Tekom
-88.29992664	20.5832898	0.1485301703	21915	Tekom
-88.29575997	20.5832898	0.1540668458	21915	Tekom
-88.2915933	20.5832898	0.138250947	21915	Tekom
-88.28742663	20.5832898	0.1220624447	21915	Tekom
-88.28325996	20.5832898	0.1313538402	21915	Tekom
-88.27909329	20.5832898	0.1432992667	21915	Tekom
-88.27492662	20.5832898	0.1463665664	21915	Tekom
-88.27075995	20.5832898	0.145889014	21915	Tekom
-88.31659332	20.57912313	0.1141104773	21915	Tekom
-88.31242665	20.57912313	0.126771614	21915	Tekom
-88.30825998	20.57912313	0.1414319426	21915	Tekom
-88.30409331	20.57912313	0.1444123536	21915	Tekom
-88.29992664	20.57912313	0.1356236488	21915	Tekom
-88.29575997	20.57912313	0.1346812099	21915	Tekom
-88.2915933	20.57912313	0.1249091029	21915	Tekom
-88.28742663	20.57912313	0.1239798814	21915	Tekom
-88.28325996	20.57912313	0.1335487664	21915	Tekom
-88.27909329	20.57912313	0.1152727306	21915	Tekom
-88.27492662	20.57912313	0.1151664481	21915	Tekom
-88.27075995	20.57912313	0.1420943886	21915	Tekom
-88.32075999	20.57495646	0.1375100911	21915	Tekom
-88.31659332	20.57495646	0.1412601918	21915	Tekom
-88.31242665	20.57495646	0.1210350394	21915	Tekom
-88.30825998	20.57495646	0.1295455396	21915	Tekom
-88.30409331	20.57495646	0.1152810007	21915	Tekom
-88.29992664	20.57495646	0.1146432534	21915	Tekom
-88.29575997	20.57495646	0.1199252382	21915	Tekom
-88.2915933	20.57495646	0.1071618572	21915	Tekom
-88.28742663	20.57495646	0.1193928048	21915	Tekom
-88.28325996	20.57495646	0.1411042958	21915	Tekom
-88.27909329	20.57495646	0.1148360744	21915	Tekom
-88.27492662	20.57495646	0.130321458	21915	Tekom
-88.32075999	20.57078979	0.1356891394	21915	Tekom
-88.31659332	20.57078979	0.1285798103	21915	Tekom
-88.31242665	20.57078979	0.1242051199	21915	Tekom
-88.30825998	20.57078979	0.123090297	21915	Tekom
-88.30409331	20.57078979	0.09251263738	21915	Tekom
-88.29992664	20.57078979	0.09442245215	21915	Tekom
-88.29575997	20.57078979	0.1177685261	21915	Tekom
-88.2915933	20.57078979	0.1175644249	21915	Tekom
-88.28742663	20.57078979	0.1107182577	21915	Tekom
-88.28325996	20.57078979	0.1178749502	21915	Tekom
-88.27909329	20.57078979	0.1324048489	21915	Tekom
-88.27492662	20.57078979	0.1374009997	21915	Tekom
-88.31659332	20.56662312	0.122296527	21915	Tekom
-88.31242665	20.56662312	0.1223253906	21915	Tekom
-88.30825998	20.56662312	0.1175023466	21915	Tekom
-88.30409331	20.56662312	0.110294275	21915	Tekom
-88.29992664	20.56662312	0.1114032492	21915	Tekom
-88.29575997	20.56662312	0.1031885892	21915	Tekom
-88.2915933	20.56662312	0.1177658513	21915	Tekom
-88.28742663	20.56662312	0.1283065081	21915	Tekom
-88.28325996	20.56662312	0.1246943772	21915	Tekom
-88.27909329	20.56662312	0.1222506911	21915	Tekom
-88.27492662	20.56662312	0.1061337516	21915	Tekom
-88.31659332	20.56245645	0.131440714	21915	Tekom
-88.31242665	20.56245645	0.1436225027	21915	Tekom
-88.30825998	20.56245645	0.1245094687	21915	Tekom
-88.30409331	20.56245645	0.1140932515	21915	Tekom
-88.29992664	20.56245645	0.1027699858	21915	Tekom
-88.29575997	20.56245645	0.1240429208	21915	Tekom
-88.2915933	20.56245645	0.1302701086	21915	Tekom
-88.28742663	20.56245645	0.1350758225	21915	Tekom
-88.28325996	20.56245645	0.1414062381	21915	Tekom
-88.27909329	20.56245645	0.1347352862	21915	Tekom
-88.27492662	20.56245645	0.1236288324	21915	Tekom
-88.34159334	20.55828978	0.1059615165	21915	Tekom
-88.33742667	20.55828978	0.1163593158	21915	Tekom
-88.33326	20.55828978	0.1462353766	21915	Tekom
-88.32909333	20.55828978	0.1599176228	21915	Tekom
-88.32492666	20.55828978	0.1517005861	21915	Tekom
-88.32075999	20.55828978	0.1266194582	21915	Tekom
-88.31659332	20.55828978	0.1201054528	21915	Tekom
-88.31242665	20.55828978	0.1236772984	21915	Tekom
-88.30825998	20.55828978	0.1229314506	21915	Tekom
-88.30409331	20.55828978	0.1161956787	21915	Tekom
-88.29992664	20.55828978	0.104446575	21915	Tekom
-88.29575997	20.55828978	0.1306512803	21915	Tekom
-88.2915933	20.55828978	0.1470056772	21915	Tekom
-88.28742663	20.55828978	0.1269611716	21915	Tekom
-88.28325996	20.55828978	0.1259957254	21915	Tekom
-88.27909329	20.55828978	0.1298823059	21915	Tekom
-88.27492662	20.55828978	0.1295909733	21915	Tekom
-88.37076003	20.55412311	0.1495204419	21915	Tekom
-88.36659336	20.55412311	0.1489197314	21915	Tekom
-88.36242669	20.55412311	0.1209032014	21915	Tekom
-88.35826002	20.55412311	0.1327277422	21915	Tekom
-88.35409335	20.55412311	0.1502804011	21915	Tekom
-88.34992668	20.55412311	0.1423908174	21915	Tekom
-88.34576001	20.55412311	0.1394519955	21915	Tekom
-88.34159334	20.55412311	0.1037600562	21915	Tekom
-88.33742667	20.55412311	0.1177195683	21915	Tekom
-88.33326	20.55412311	0.1365518868	21915	Tekom
-88.32909333	20.55412311	0.1532545686	21915	Tekom
-88.32492666	20.55412311	0.1548001319	21915	Tekom
-88.32075999	20.55412311	0.1270128489	21915	Tekom
-88.31659332	20.55412311	0.1342284083	21915	Tekom
-88.31242665	20.55412311	0.1389100552	21915	Tekom
-88.30825998	20.55412311	0.1203122437	21915	Tekom
-88.30409331	20.55412311	0.1137708798	21915	Tekom
-88.29992664	20.55412311	0.1213335991	21915	Tekom
-88.29575997	20.55412311	0.1321180165	21915	Tekom
-88.2915933	20.55412311	0.1438788921	21915	Tekom
-88.28742663	20.55412311	0.1375623941	21915	Tekom
-88.28325996	20.55412311	0.1342975795	21915	Tekom
-88.27909329	20.55412311	0.1453791112	21915	Tekom
-88.27492662	20.55412311	0.1597605199	21915	Tekom
-88.37076003	20.54995644	0.1519025862	21915	Tekom
-88.36659336	20.54995644	0.1350578368	21915	Tekom
-88.36242669	20.54995644	0.1152662411	21915	Tekom
-88.35826002	20.54995644	0.1275782287	21915	Tekom
-88.35409335	20.54995644	0.131830588	21915	Tekom
-88.34992668	20.54995644	0.1349189132	21915	Tekom
-88.34576001	20.54995644	0.1344106346	21915	Tekom
-88.34159334	20.54995644	0.09727290273	21915	Tekom
-88.33742667	20.54995644	0.1264124215	21915	Tekom
-88.33326	20.54995644	0.1255060732	21915	Tekom
-88.32909333	20.54995644	0.129803136	21915	Tekom
-88.32492666	20.54995644	0.1529464871	21915	Tekom
-88.32075999	20.54995644	0.1343989521	21915	Tekom
-88.31659332	20.54995644	0.1464710087	21915	Tekom
-88.31242665	20.54995644	0.1533282995	21915	Tekom
-88.30825998	20.54995644	0.1260852963	21915	Tekom
-88.30409331	20.54995644	0.1222529486	21915	Tekom
-88.29992664	20.54995644	0.1320805848	21915	Tekom
-88.29575997	20.54995644	0.1666111201	21915	Tekom
-88.2915933	20.54995644	0.1751298159	21915	Tekom
-88.28742663	20.54995644	0.1713658124	21915	Tekom
-88.3749267	20.54578977	0.1228522658	21915	Tekom
-88.37076003	20.54578977	0.1257809699	21915	Tekom
-88.36659336	20.54578977	0.1110973954	21915	Tekom
-88.36242669	20.54578977	0.109720327	21915	Tekom
-88.35826002	20.54578977	0.09064612538	21915	Tekom
-88.35409335	20.54578977	0.08806053549	21915	Tekom
-88.34992668	20.54578977	0.1202321425	21915	Tekom
-88.34576001	20.54578977	0.1290285438	21915	Tekom
-88.34159334	20.54578977	0.1036038473	21915	Tekom
-88.33742667	20.54578977	0.1187629551	21915	Tekom
-88.33326	20.54578977	0.1342860162	21915	Tekom
-88.32909333	20.54578977	0.1379780024	21915	Tekom
-88.32492666	20.54578977	0.1352449954	21915	Tekom
-88.32075999	20.54578977	0.1343749762	21915	Tekom
-88.31659332	20.54578977	0.1321682632	21915	Tekom
-88.31242665	20.54578977	0.1455215216	21915	Tekom
-88.30825998	20.54578977	0.128966406	21915	Tekom
-88.30409331	20.54578977	0.1400283724	21915	Tekom
-88.29992664	20.54578977	0.1395963728	21915	Tekom
-88.29575997	20.54578977	0.1703637093	21915	Tekom
-88.3749267	20.5416231	0.1216222644	21915	Tekom
-88.37076003	20.5416231	0.1295175999	21915	Tekom
-88.36659336	20.5416231	0.1273672134	21915	Tekom
-88.36242669	20.5416231	0.132170856	21915	Tekom
-88.35826002	20.5416231	0.1253695935	21915	Tekom
-88.35409335	20.5416231	0.1122491956	21915	Tekom
-88.34992668	20.5416231	0.1255667806	21915	Tekom
-88.34576001	20.5416231	0.1314697713	21915	Tekom
-88.34159334	20.5416231	0.1260799915	21915	Tekom
-88.33742667	20.5416231	0.1246718988	21915	Tekom
-88.33326	20.5416231	0.1210599318	21915	Tekom
-88.32909333	20.5416231	0.1193947271	21915	Tekom
-88.32492666	20.5416231	0.1276743412	21915	Tekom
-88.32075999	20.5416231	0.1322520524	21915	Tekom
-88.31659332	20.5416231	0.1333280504	21915	Tekom
-88.31242665	20.5416231	0.1217838153	21915	Tekom
-88.30825998	20.5416231	0.1237950996	21915	Tekom
-88.30409331	20.5416231	0.1382878125	21915	Tekom
-88.29992664	20.5416231	0.1371457875	21915	Tekom
-88.39576005	20.53745643	0.1386239827	21915	Tekom
-88.38326004	20.53745643	0.1398566216	21915	Tekom
-88.37909337	20.53745643	0.1152947396	21915	Tekom
-88.3749267	20.53745643	0.1094438732	21915	Tekom
-88.37076003	20.53745643	0.1309974343	21915	Tekom
-88.36659336	20.53745643	0.1373207122	21915	Tekom
-88.36242669	20.53745643	0.1414360404	21915	Tekom
-88.35826002	20.53745643	0.1458348036	21915	Tekom
-88.35409335	20.53745643	0.1406659335	21915	Tekom
-88.34992668	20.53745643	0.1441465914	21915	Tekom
-88.34576001	20.53745643	0.1369275302	21915	Tekom
-88.34159334	20.53745643	0.137111187	21915	Tekom
-88.33742667	20.53745643	0.1457846314	21915	Tekom
-88.33326	20.53745643	0.1326049268	21915	Tekom
-88.32909333	20.53745643	0.1272981018	21915	Tekom
-88.32492666	20.53745643	0.1545960903	21915	Tekom
-88.32075999	20.53745643	0.1548350155	21915	Tekom
-88.31659332	20.53745643	0.1534454077	21915	Tekom
-88.31242665	20.53745643	0.1203483269	21915	Tekom
-88.30825998	20.53745643	0.1234741658	21915	Tekom
-88.30409331	20.53745643	0.1340935826	21915	Tekom
-88.29992664	20.53745643	0.1560314447	21915	Tekom
-88.39992672	20.53328976	0.1241633967	21915	Tekom
-88.39576005	20.53328976	0.1221504435	21915	Tekom
-88.39159338	20.53328976	0.1262136698	21915	Tekom
-88.38742671	20.53328976	0.1342594922	21915	Tekom
-88.38326004	20.53328976	0.1605456173	21915	Tekom
-88.37909337	20.53328976	0.1313096583	21915	Tekom
-88.3749267	20.53328976	0.1111712977	21915	Tekom
-88.37076003	20.53328976	0.1227940246	21915	Tekom
-88.36659336	20.53328976	0.1202563494	21915	Tekom
-88.36242669	20.53328976	0.117575869	21915	Tekom
-88.35826002	20.53328976	0.1104582623	21915	Tekom
-88.35409335	20.53328976	0.1123061627	21915	Tekom
-88.34992668	20.53328976	0.1359716803	21915	Tekom
-88.34576001	20.53328976	0.1401166916	21915	Tekom
-88.34159334	20.53328976	0.1460977942	21915	Tekom
-88.33742667	20.53328976	0.1458818913	21915	Tekom
-88.33326	20.53328976	0.1298722476	21915	Tekom
-88.32909333	20.53328976	0.1305593997	21915	Tekom
-88.32492666	20.53328976	0.1235003099	21915	Tekom
-88.32075999	20.53328976	0.1336181611	21915	Tekom
-88.31659332	20.53328976	0.1603942364	21915	Tekom
-88.31242665	20.53328976	0.130310148	21915	Tekom
-88.30825998	20.53328976	0.1312481761	21915	Tekom
-88.30409331	20.53328976	0.1324388385	21915	Tekom
-88.43326008	20.52912309	0.1385961473	21915	Tekom
-88.39992672	20.52912309	0.1084522828	21915	Tekom
-88.39576005	20.52912309	0.1073771417	21915	Tekom
-88.39159338	20.52912309	0.1119389683	21915	Tekom
-88.38742671	20.52912309	0.1357249469	21915	Tekom
-88.38326004	20.52912309	0.1461420655	21915	Tekom
-88.37909337	20.52912309	0.1293976307	21915	Tekom
-88.3749267	20.52912309	0.1210155413	21915	Tekom
-88.37076003	20.52912309	0.1255843192	21915	Tekom
-88.36659336	20.52912309	0.1312107444	21915	Tekom
-88.36242669	20.52912309	0.1246610954	21915	Tekom
-88.35826002	20.52912309	0.1072139814	21915	Tekom
-88.35409335	20.52912309	0.123540625	21915	Tekom
-88.34992668	20.52912309	0.1269231439	21915	Tekom
-88.34576001	20.52912309	0.1286671907	21915	Tekom
-88.34159334	20.52912309	0.1392887533	21915	Tekom
-88.33742667	20.52912309	0.1076592654	21915	Tekom
-88.33326	20.52912309	0.1119674817	21915	Tekom
-88.32909333	20.52912309	0.1147908643	21915	Tekom
-88.32492666	20.52912309	0.1037115157	21915	Tekom
-88.32075999	20.52912309	0.1226801202	21915	Tekom
-88.31659332	20.52912309	0.1446132809	21915	Tekom
-88.31242665	20.52912309	0.1192844883	21915	Tekom
-88.30825998	20.52912309	0.107855238	21915	Tekom
-88.43742675	20.52495642	0.1525235325	21915	Tekom
-88.43326008	20.52495642	0.1435151696	21915	Tekom
-88.42909341	20.52495642	0.1289339513	21915	Tekom
-88.42492674	20.52495642	0.1450171173	21915	Tekom
-88.40409339	20.52495642	0.1032270193	21915	Tekom
-88.39992672	20.52495642	0.1194270328	21915	Tekom
-88.39576005	20.52495642	0.1363391578	21915	Tekom
-88.39159338	20.52495642	0.1352679431	21915	Tekom
-88.38742671	20.52495642	0.1120964363	21915	Tekom
-88.38326004	20.52495642	0.1109214872	21915	Tekom
-88.37909337	20.52495642	0.1147265434	21915	Tekom
-88.3749267	20.52495642	0.1422257274	21915	Tekom
-88.37076003	20.52495642	0.1326586902	21915	Tekom
-88.36659336	20.52495642	0.1238627434	21915	Tekom
-88.36242669	20.52495642	0.1094079241	21915	Tekom
-88.35826002	20.52495642	0.0918622762	21915	Tekom
-88.35409335	20.52495642	0.1198487133	21915	Tekom
-88.34992668	20.52495642	0.1421461105	21915	Tekom
-88.34576001	20.52495642	0.134937644	21915	Tekom
-88.34159334	20.52495642	0.135945648	21915	Tekom
-88.33742667	20.52495642	0.1355172843	21915	Tekom
-88.33326	20.52495642	0.1277043372	21915	Tekom
-88.32909333	20.52495642	0.1038674265	21915	Tekom
-88.32492666	20.52495642	0.08194252849	21915	Tekom
-88.32075999	20.52495642	0.1199945286	21915	Tekom
-88.44159342	20.52078975	0.1692773402	21915	Tekom
-88.43742675	20.52078975	0.1732316166	21915	Tekom
-88.43326008	20.52078975	0.1198849976	21915	Tekom
-88.42909341	20.52078975	0.1095834598	21915	Tekom
-88.42492674	20.52078975	0.123543933	21915	Tekom
-88.42076007	20.52078975	0.135286808	21915	Tekom
-88.4165934	20.52078975	0.1322293133	21915	Tekom
-88.41242673	20.52078975	0.1127556264	21915	Tekom
-88.40826006	20.52078975	0.0932328105	21915	Tekom
-88.40409339	20.52078975	0.1024910584	21915	Tekom
-88.39992672	20.52078975	0.105283305	21915	Tekom
-88.39576005	20.52078975	0.130828917	21915	Tekom
-88.39159338	20.52078975	0.1314646602	21915	Tekom
-88.38742671	20.52078975	0.1113320664	21915	Tekom
-88.38326004	20.52078975	0.1129533723	21915	Tekom
-88.37909337	20.52078975	0.1195392236	21915	Tekom
-88.3749267	20.52078975	0.1404194683	21915	Tekom
-88.37076003	20.52078975	0.1242823526	21915	Tekom
-88.36659336	20.52078975	0.09887587279	21915	Tekom
-88.36242669	20.52078975	0.1026219577	21915	Tekom
-88.35826002	20.52078975	0.09291600436	21915	Tekom
-88.35409335	20.52078975	0.1079841852	21915	Tekom
-88.34992668	20.52078975	0.1325714886	21915	Tekom
-88.34576001	20.52078975	0.134612754	21915	Tekom
-88.34159334	20.52078975	0.1360270977	21915	Tekom
-88.33742667	20.52078975	0.121469073	21915	Tekom
-88.33326	20.52078975	0.1236542761	21915	Tekom
-88.32909333	20.52078975	0.1234885529	21915	Tekom
-88.44576009	20.51662308	0.121809788	21915	Tekom
-88.44159342	20.51662308	0.123440221	21915	Tekom
-88.43742675	20.51662308	0.1416755915	21915	Tekom
-88.43326008	20.51662308	0.1274820715	21915	Tekom
-88.42909341	20.51662308	0.1250759512	21915	Tekom
-88.42492674	20.51662308	0.1163602173	21915	Tekom
-88.42076007	20.51662308	0.1150266379	21915	Tekom
-88.4165934	20.51662308	0.1146851629	21915	Tekom
-88.41242673	20.51662308	0.1073467061	21915	Tekom
-88.40826006	20.51662308	0.09154143929	21915	Tekom
-88.40409339	20.51662308	0.1295420825	21915	Tekom
-88.39992672	20.51662308	0.1220600158	21915	Tekom
-88.39576005	20.51662308	0.1312311292	21915	Tekom
-88.39159338	20.51662308	0.1389865726	21915	Tekom
-88.38742671	20.51662308	0.1363974065	21915	Tekom
-88.38326004	20.51662308	0.1375835687	21915	Tekom
-88.37909337	20.51662308	0.1345537156	21915	Tekom
-88.3749267	20.51662308	0.120789513	21915	Tekom
-88.37076003	20.51662308	0.1219048724	21915	Tekom
-88.36659336	20.51662308	0.1113000661	21915	Tekom
-88.36242669	20.51662308	0.1170726866	21915	Tekom
-88.35826002	20.51662308	0.1034928784	21915	Tekom
-88.35409335	20.51662308	0.08959016204	21915	Tekom
-88.34992668	20.51662308	0.1019762158	21915	Tekom
-88.34576001	20.51662308	0.110418871	21915	Tekom
-88.34159334	20.51662308	0.1029454246	21915	Tekom
-88.33742667	20.51662308	0.1116702631	21915	Tekom
-88.33326	20.51662308	0.1166260913	21915	Tekom
-88.44576009	20.51245641	0.1427409351	21915	Tekom
-88.44159342	20.51245641	0.149430573	21915	Tekom
-88.43742675	20.51245641	0.1480691135	21915	Tekom
-88.43326008	20.51245641	0.1329610944	21915	Tekom
-88.42909341	20.51245641	0.1439190954	21915	Tekom
-88.42492674	20.51245641	0.1435299218	21915	Tekom
-88.42076007	20.51245641	0.1413175762	21915	Tekom
-88.4165934	20.51245641	0.1339143366	21915	Tekom
-88.41242673	20.51245641	0.09889281541	21915	Tekom
-88.40826006	20.51245641	0.09964833409	21915	Tekom
-88.40409339	20.51245641	0.12889494	21915	Tekom
-88.39992672	20.51245641	0.121688664	21915	Tekom
-88.39576005	20.51245641	0.1355923563	21915	Tekom
-88.39159338	20.51245641	0.1355212331	21915	Tekom
-88.38742671	20.51245641	0.1310245991	21915	Tekom
-88.38326004	20.51245641	0.1269575953	21915	Tekom
-88.37909337	20.51245641	0.1335899234	21915	Tekom
-88.3749267	20.51245641	0.1238253787	21915	Tekom
-88.37076003	20.51245641	0.134542346	21915	Tekom
-88.36659336	20.51245641	0.1463263929	21915	Tekom
-88.36242669	20.51245641	0.143471837	21915	Tekom
-88.35826002	20.51245641	0.1346691847	21915	Tekom
-88.35409335	20.51245641	0.09505788982	21915	Tekom
-88.34992668	20.51245641	0.1009323224	21915	Tekom
-88.34576001	20.51245641	0.1145504788	21915	Tekom
-88.34159334	20.51245641	0.09782613069	21915	Tekom
-88.33742667	20.51245641	0.1222678721	21915	Tekom
-88.44992676	20.50828974	0.1266835928	21915	Tekom
-88.44576009	20.50828974	0.1370194852	21915	Tekom
-88.44159342	20.50828974	0.1615775377	21915	Tekom
-88.43742675	20.50828974	0.1527168304	21915	Tekom
-88.43326008	20.50828974	0.1432070732	21915	Tekom
-88.42909341	20.50828974	0.1508921832	21915	Tekom
-88.42492674	20.50828974	0.1252714694	21915	Tekom
-88.42076007	20.50828974	0.1226657778	21915	Tekom
-88.4165934	20.50828974	0.1281000376	21915	Tekom
-88.41242673	20.50828974	0.1160113513	21915	Tekom
-88.40826006	20.50828974	0.1044055223	21915	Tekom
-88.40409339	20.50828974	0.1029182822	21915	Tekom
-88.39992672	20.50828974	0.1086255834	21915	Tekom
-88.39576005	20.50828974	0.1429330409	21915	Tekom
-88.39159338	20.50828974	0.1394756287	21915	Tekom
-88.38742671	20.50828974	0.1377029419	21915	Tekom
-88.38326004	20.50828974	0.1240299568	21915	Tekom
-88.37909337	20.50828974	0.125866577	21915	Tekom
-88.3749267	20.50828974	0.1245028824	21915	Tekom
-88.37076003	20.50828974	0.1439718157	21915	Tekom
-88.36659336	20.50828974	0.1296518892	21915	Tekom
-88.36242669	20.50828974	0.1212625802	21915	Tekom
-88.35826002	20.50828974	0.1416292489	21915	Tekom
-88.35409335	20.50828974	0.1079171821	21915	Tekom
-88.34992668	20.50828974	0.1140589416	21915	Tekom
-88.34576001	20.50828974	0.1461071521	21915	Tekom
-88.34159334	20.50828974	0.1327289939	21915	Tekom
-88.45409343	20.50412307	0.08724713326	21915	Tekom
-88.44992676	20.50412307	0.09910941124	21915	Tekom
-88.44576009	20.50412307	0.1323790997	21915	Tekom
-88.44159342	20.50412307	0.1556823254	21915	Tekom
-88.43742675	20.50412307	0.1337461174	21915	Tekom
-88.43326008	20.50412307	0.1422540396	21915	Tekom
-88.42909341	20.50412307	0.1582076997	21915	Tekom
-88.42492674	20.50412307	0.1084523052	21915	Tekom
-88.42076007	20.50412307	0.09729798138	21915	Tekom
-88.4165934	20.50412307	0.1100702137	21915	Tekom
-88.41242673	20.50412307	0.1273745149	21915	Tekom
-88.40826006	20.50412307	0.1267532706	21915	Tekom
-88.40409339	20.50412307	0.1047722995	21915	Tekom
-88.39992672	20.50412307	0.113447547	21915	Tekom
-88.39576005	20.50412307	0.128350243	21915	Tekom
-88.39159338	20.50412307	0.124953039	21915	Tekom
-88.38742671	20.50412307	0.1294755638	21915	Tekom
-88.38326004	20.50412307	0.1203330532	21915	Tekom
-88.37909337	20.50412307	0.1075894386	21915	Tekom
-88.3749267	20.50412307	0.1064023003	21915	Tekom
-88.37076003	20.50412307	0.1280242205	21915	Tekom
-88.36659336	20.50412307	0.1244354695	21915	Tekom
-88.36242669	20.50412307	0.1278904676	21915	Tekom
-88.35826002	20.50412307	0.129994452	21915	Tekom
-88.35409335	20.50412307	0.1172404513	21915	Tekom
-88.34992668	20.50412307	0.1154643521	21915	Tekom
-88.34576001	20.50412307	0.1266840845	21915	Tekom
-88.46242677	20.4999564	0.1439774781	21915	Tekom
-88.4582601	20.4999564	0.1149045825	21915	Tekom
-88.45409343	20.4999564	0.08536729962	21915	Tekom
-88.44992676	20.4999564	0.1160421148	21915	Tekom
-88.44576009	20.4999564	0.1606658548	21915	Tekom
-88.44159342	20.4999564	0.1633560359	21915	Tekom
-88.43742675	20.4999564	0.1403221935	21915	Tekom
-88.43326008	20.4999564	0.1621781439	21915	Tekom
-88.42909341	20.4999564	0.1746807545	21915	Tekom
-88.42492674	20.4999564	0.1348127127	21915	Tekom
-88.42076007	20.4999564	0.1228765249	21915	Tekom
-88.4165934	20.4999564	0.1294369549	21915	Tekom
-88.41242673	20.4999564	0.1143863201	21915	Tekom
-88.40826006	20.4999564	0.131133765	21915	Tekom
-88.40409339	20.4999564	0.1216378659	21915	Tekom
-88.39992672	20.4999564	0.121811673	21915	Tekom
-88.39576005	20.4999564	0.1249082088	21915	Tekom
-88.39159338	20.4999564	0.1272034198	21915	Tekom
-88.38742671	20.4999564	0.1196107864	21915	Tekom
-88.38326004	20.4999564	0.1291907132	21915	Tekom
-88.37909337	20.4999564	0.106771335	21915	Tekom
-88.3749267	20.4999564	0.1107842624	21915	Tekom
-88.46659344	20.49578973	0.1455758363	21915	Tekom
-88.46242677	20.49578973	0.1627584249	21915	Tekom
-88.4582601	20.49578973	0.1391432136	21915	Tekom
-88.45409343	20.49578973	0.1215141118	21915	Tekom
-88.44992676	20.49578973	0.1291735619	21915	Tekom
-88.44576009	20.49578973	0.138709262	21915	Tekom
-88.44159342	20.49578973	0.1352709979	21915	Tekom
-88.43742675	20.49578973	0.1251785606	21915	Tekom
-88.43326008	20.49578973	0.1162314489	21915	Tekom
-88.42909341	20.49578973	0.145841375	21915	Tekom
-88.42492674	20.49578973	0.1313216388	21915	Tekom
-88.42076007	20.49578973	0.1304039657	21915	Tekom
-88.4165934	20.49578973	0.1198639497	21915	Tekom
-88.41242673	20.49578973	0.08068310469	21915	Tekom
-88.40826006	20.49578973	0.0885790661	21915	Tekom
-88.40409339	20.49578973	0.1158450842	21915	Tekom
-88.39992672	20.49578973	0.1478232592	21915	Tekom
-88.39576005	20.49578973	0.1475551724	21915	Tekom
-88.39159338	20.49578973	0.1350363642	21915	Tekom
-88.38742671	20.49578973	0.1329648495	21915	Tekom
-88.38326004	20.49578973	0.1302076429	21915	Tekom
-88.47076011	20.49162306	0.1274594814	21915	Tekom
-88.46659344	20.49162306	0.1472040415	21915	Tekom
-88.46242677	20.49162306	0.1658250242	21915	Tekom
-88.4582601	20.49162306	0.1626740396	21915	Tekom
-88.45409343	20.49162306	0.1495999098	21915	Tekom
-88.44992676	20.49162306	0.1371592581	21915	Tekom
-88.44576009	20.49162306	0.1203058735	21915	Tekom
-88.44159342	20.49162306	0.1169319525	21915	Tekom
-88.43742675	20.49162306	0.1187289581	21915	Tekom
-88.43326008	20.49162306	0.09021856636	21915	Tekom
-88.42909341	20.49162306	0.1110005379	21915	Tekom
-88.42492674	20.49162306	0.1402283609	21915	Tekom
-88.42076007	20.49162306	0.1256321371	21915	Tekom
-88.4165934	20.49162306	0.1154244021	21915	Tekom
-88.41242673	20.49162306	0.1025876254	21915	Tekom
-88.40826006	20.49162306	0.09132316709	21915	Tekom
-88.40409339	20.49162306	0.1230246648	21915	Tekom
-88.39992672	20.49162306	0.1543578357	21915	Tekom
-88.39576005	20.49162306	0.136900872	21915	Tekom
-88.39159338	20.49162306	0.1302174181	21915	Tekom
-88.38742671	20.49162306	0.1321616918	21915	Tekom
-88.47492678	20.48745639	0.137909472	21915	Tekom
-88.47076011	20.48745639	0.1382139921	21915	Tekom
-88.46659344	20.48745639	0.1727681011	21915	Tekom
-88.46242677	20.48745639	0.1948928833	21915	Tekom
-88.4582601	20.48745639	0.2488825768	21915	Tekom
-88.45409343	20.48745639	0.2354272306	21915	Tekom
-88.44992676	20.48745639	0.1693693399	21915	Tekom
-88.44576009	20.48745639	0.1372092366	21915	Tekom
-88.44159342	20.48745639	0.1292853802	21915	Tekom
-88.43742675	20.48745639	0.1400548816	21915	Tekom
-88.43326008	20.48745639	0.123751685	21915	Tekom
-88.42909341	20.48745639	0.117839992	21915	Tekom
-88.42492674	20.48745639	0.1234614849	21915	Tekom
-88.42076007	20.48745639	0.1261932999	21915	Tekom
-88.4165934	20.48745639	0.1281595379	21915	Tekom
-88.41242673	20.48745639	0.1022056639	21915	Tekom
-88.40826006	20.48745639	0.08278045803	21915	Tekom
-88.40409339	20.48745639	0.1002534553	21915	Tekom
-88.39992672	20.48745639	0.1279823184	21915	Tekom
-88.39576005	20.48745639	0.1175026298	21915	Tekom
-88.39159338	20.48745639	0.1348159313	21915	Tekom
-88.47909345	20.48328972	0.1261952519	21915	Tekom
-88.47492678	20.48328972	0.1186386496	21915	Tekom
-88.47076011	20.48328972	0.1240973994	21915	Tekom
-88.46659344	20.48328972	0.2599993646	21915	Tekom
-88.46242677	20.48328972	0.3963004649	21915	Tekom
-88.4582601	20.48328972	0.5782485008	21915	Tekom
-88.45409343	20.48328972	0.4922265112	21915	Tekom
-88.44992676	20.48328972	0.3424119353	21915	Tekom
-88.44576009	20.48328972	0.23436822	21915	Tekom
-88.44159342	20.48328972	0.153388679	21915	Tekom
-88.43742675	20.48328972	0.1504853219	21915	Tekom
-88.43326008	20.48328972	0.146814853	21915	Tekom
-88.42909341	20.48328972	0.1498453915	21915	Tekom
-88.42492674	20.48328972	0.1086731851	21915	Tekom
-88.42076007	20.48328972	0.09744346887	21915	Tekom
-88.4165934	20.48328972	0.1102061048	21915	Tekom
-88.41242673	20.48328972	0.1138271317	21915	Tekom
-88.40826006	20.48328972	0.1128827706	21915	Tekom
-88.40409339	20.48328972	0.1229059622	21915	Tekom
-88.39992672	20.48328972	0.1337177008	21915	Tekom
-88.39576005	20.48328972	0.1369668841	21915	Tekom
-88.48326012	20.47912305	0.1092427522	21915	Tekom
-88.47909345	20.47912305	0.1384901106	21915	Tekom
-88.47492678	20.47912305	0.1368460506	21915	Tekom
-88.47076011	20.47912305	0.1463392228	21915	Tekom
-88.46659344	20.47912305	0.242575258	21915	Tekom
-88.46242677	20.47912305	0.4287260175	21915	Tekom
-88.4582601	20.47912305	0.6090497375	21915	Tekom
-88.45409343	20.47912305	0.6176660657	21915	Tekom
-88.44992676	20.47912305	0.4862973094	21915	Tekom
-88.44576009	20.47912305	0.2802230716	21915	Tekom
-88.44159342	20.47912305	0.1379510462	21915	Tekom
-88.43742675	20.47912305	0.1485091001	21915	Tekom
-88.43326008	20.47912305	0.1544810683	21915	Tekom
-88.42909341	20.47912305	0.1492757648	21915	Tekom
-88.42492674	20.47912305	0.1187167987	21915	Tekom
-88.42076007	20.47912305	0.1032160372	21915	Tekom
-88.4165934	20.47912305	0.1167920828	21915	Tekom
-88.41242673	20.47912305	0.1227620393	21915	Tekom
-88.40826006	20.47912305	0.1345555037	21915	Tekom
-88.40409339	20.47912305	0.1273487359	21915	Tekom
-88.39992672	20.47912305	0.1355824322	21915	Tekom
-88.39576005	20.47912305	0.1355644912	21915	Tekom
-88.48742679	20.47495638	0.1146617904	21915	Tekom
-88.48326012	20.47495638	0.1097690612	21915	Tekom
-88.47909345	20.47495638	0.1443462074	21915	Tekom
-88.47492678	20.47495638	0.1283609867	21915	Tekom
-88.47076011	20.47495638	0.1170793846	21915	Tekom
-88.46659344	20.47495638	0.1470144987	21915	Tekom
-88.46242677	20.47495638	0.2548462749	21915	Tekom
-88.4582601	20.47495638	0.3006783724	21915	Tekom
-88.45409343	20.47495638	0.3023823798	21915	Tekom
-88.44992676	20.47495638	0.2736689448	21915	Tekom
-88.44576009	20.47495638	0.1684210896	21915	Tekom
-88.44159342	20.47495638	0.1152019054	21915	Tekom
-88.43742675	20.47495638	0.1292650402	21915	Tekom
-88.43326008	20.47495638	0.1414120495	21915	Tekom
-88.42909341	20.47495638	0.1478763968	21915	Tekom
-88.42492674	20.47495638	0.1376753002	21915	Tekom
-88.42076007	20.47495638	0.142269358	21915	Tekom
-88.4165934	20.47495638	0.1158406362	21915	Tekom
-88.41242673	20.47495638	0.1121929586	21915	Tekom
-88.40826006	20.47495638	0.1455769688	21915	Tekom
-88.40409339	20.47495638	0.1441827416	21915	Tekom
-88.49159346	20.47078971	0.1598634869	21915	Tekom
-88.48742679	20.47078971	0.1229755133	21915	Tekom
-88.48326012	20.47078971	0.119437851	21915	Tekom
-88.47909345	20.47078971	0.1536689252	21915	Tekom
-88.47492678	20.47078971	0.1398606449	21915	Tekom
-88.47076011	20.47078971	0.1249840036	21915	Tekom
-88.46659344	20.47078971	0.1343907267	21915	Tekom
-88.46242677	20.47078971	0.1426280141	21915	Tekom
-88.4582601	20.47078971	0.1535283029	21915	Tekom
-88.45409343	20.47078971	0.1331685781	21915	Tekom
-88.44992676	20.47078971	0.1323722601	21915	Tekom
-88.44576009	20.47078971	0.1139022633	21915	Tekom
-88.44159342	20.47078971	0.109952949	21915	Tekom
-88.43742675	20.47078971	0.1159776896	21915	Tekom
-88.43326008	20.47078971	0.127258718	21915	Tekom
-88.42909341	20.47078971	0.1432551295	21915	Tekom
-88.42492674	20.47078971	0.141200304	21915	Tekom
-88.42076007	20.47078971	0.1301843822	21915	Tekom
-88.4165934	20.47078971	0.1314397156	21915	Tekom
-88.41242673	20.47078971	0.1376665831	21915	Tekom
-88.40826006	20.47078971	0.1486985534	21915	Tekom
-88.49576013	20.46662304	0.2103357464	21915	Tekom
-88.49159346	20.46662304	0.2925605774	21915	Tekom
-88.48742679	20.46662304	0.2565675974	21915	Tekom
-88.48326012	20.46662304	0.2681955099	21915	Tekom
-88.47909345	20.46662304	0.1806366146	21915	Tekom
-88.47492678	20.46662304	0.1451974064	21915	Tekom
-88.47076011	20.46662304	0.1516087204	21915	Tekom
-88.46659344	20.46662304	0.1365735829	21915	Tekom
-88.46242677	20.46662304	0.1438022256	21915	Tekom
-88.4582601	20.46662304	0.147257328	21915	Tekom
-88.45409343	20.46662304	0.1376591325	21915	Tekom
-88.44992676	20.46662304	0.1301432997	21915	Tekom
-88.44576009	20.46662304	0.1286646426	21915	Tekom
-88.44159342	20.46662304	0.123036854	21915	Tekom
-88.43742675	20.46662304	0.1190340817	21915	Tekom
-88.43326008	20.46662304	0.1344777197	21915	Tekom
-88.42909341	20.46662304	0.1357206702	21915	Tekom
-88.4999268	20.46245637	0.1671847254	21915	Tekom
-88.49576013	20.46245637	0.1976125836	21915	Tekom
-88.49159346	20.46245637	0.22265549	21915	Tekom
-88.48742679	20.46245637	0.2379843146	21915	Tekom
-88.48326012	20.46245637	0.26856938	21915	Tekom
-88.47909345	20.46245637	0.1829347759	21915	Tekom
-88.47492678	20.46245637	0.1296899766	21915	Tekom
-88.47076011	20.46245637	0.1402323991	21915	Tekom
-88.46659344	20.46245637	0.1401160657	21915	Tekom
-88.46242677	20.46245637	0.1435748935	21915	Tekom
-88.4582601	20.46245637	0.1473676264	21915	Tekom
-88.45409343	20.46245637	0.1403596848	21915	Tekom
-88.44992676	20.46245637	0.1396434605	21915	Tekom
-88.44576009	20.46245637	0.1374510676	21915	Tekom
-88.44159342	20.46245637	0.09697773308	21915	Tekom
-88.43742675	20.46245637	0.08783394843	21915	Tekom
-88.4999268	20.4582897	0.1667125821	21915	Tekom
-88.49576013	20.4582897	0.1576111168	21915	Tekom
-88.49159346	20.4582897	0.1338208467	21915	Tekom
-88.48742679	20.4582897	0.1375354379	21915	Tekom
-88.48326012	20.4582897	0.1497920007	21915	Tekom
-88.47909345	20.4582897	0.1506287754	21915	Tekom
-88.47492678	20.4582897	0.1166140214	21915	Tekom
-88.47076011	20.4582897	0.1339494437	21915	Tekom
-88.46659344	20.4582897	0.1545276642	21915	Tekom
-88.46242677	20.4582897	0.1532000601	21915	Tekom
-88.4582601	20.4582897	0.1183423176	21915	Tekom
-88.45409343	20.4582897	0.1304982007	21915	Tekom
-88.44992676	20.4582897	0.1342904866	21915	Tekom
-88.44576009	20.4582897	0.1158967763	21915	Tekom
-88.4999268	20.45412303	0.1379104406	21915	Tekom
-88.49576013	20.45412303	0.134164989	21915	Tekom
-88.49159346	20.45412303	0.1203241572	21915	Tekom
-88.48742679	20.45412303	0.1323573142	21915	Tekom
-88.48326012	20.45412303	0.1235699877	21915	Tekom
-88.47909345	20.45412303	0.09481497854	21915	Tekom
-88.47492678	20.45412303	0.08631371707	21915	Tekom
-88.47076011	20.45412303	0.2082853168	21915	Tekom
-88.46659344	20.45412303	0.260571003	21915	Tekom
-88.46242677	20.45412303	0.2521827221	21915	Tekom
-88.4582601	20.45412303	0.1984960884	21915	Tekom
-88.45409343	20.45412303	0.1820186526	21915	Tekom
-88.44992676	20.45412303	0.1424120069	21915	Tekom
-88.4999268	20.44995636	0.1645730883	21915	Tekom
-88.49576013	20.44995636	0.1420297921	21915	Tekom
-88.49159346	20.44995636	0.1285117418	21915	Tekom
-88.48742679	20.44995636	0.1401699036	21915	Tekom
-88.48326012	20.44995636	0.1300844401	21915	Tekom
-88.47909345	20.44995636	0.1351045668	21915	Tekom
-88.47492678	20.44995636	0.1307878643	21915	Tekom
-88.47076011	20.44995636	0.2442582995	21915	Tekom
-88.46659344	20.44995636	0.2979972064	21915	Tekom
-88.46242677	20.44995636	0.3801654279	21915	Tekom
-88.4582601	20.44995636	0.3493050635	21915	Tekom
-88.45409343	20.44995636	0.2117969096	21915	Tekom
-88.4999268	20.44578969	0.1932935715	21915	Tekom
-88.49576013	20.44578969	0.1569978893	21915	Tekom
-88.49159346	20.44578969	0.1107857451	21915	Tekom
-88.48742679	20.44578969	0.1055114418	21915	Tekom
-88.48326012	20.44578969	0.1121735573	21915	Tekom
-88.47909345	20.44578969	0.1333002895	21915	Tekom
-88.47492678	20.44578969	0.1470210701	21915	Tekom
-88.47076011	20.44578969	0.1923102736	21915	Tekom
-88.46659344	20.44578969	0.2081246078	21915	Tekom
-88.46242677	20.44578969	0.2735160291	21915	Tekom
-88.4582601	20.44578969	0.278468132	21915	Tekom
-88.4999268	20.44162302	0.1563890874	21915	Tekom
-88.49576013	20.44162302	0.1296215057	21915	Tekom
-88.49159346	20.44162302	0.1101404652	21915	Tekom
-88.48742679	20.44162302	0.1206279621	21915	Tekom
-88.48326012	20.44162302	0.1159337088	21915	Tekom
-88.47909345	20.44162302	0.1381635815	21915	Tekom
-88.47492678	20.44162302	0.1611615419	21915	Tekom
-88.47076011	20.44162302	0.138205111	21915	Tekom
-88.46659344	20.44162302	0.1284629405	21915	Tekom
-88.46242677	20.44162302	0.1366839707	21915	Tekom
-88.4999268	20.43745635	0.1478945911	21915	Tekom
-88.49576013	20.43745635	0.118128024	21915	Tekom
-88.49159346	20.43745635	0.1022633761	21915	Tekom
-88.48742679	20.43745635	0.113704145	21915	Tekom
-88.48326012	20.43745635	0.1169748157	21915	Tekom
-88.47909345	20.43745635	0.1217785999	21915	Tekom
-88.47492678	20.43745635	0.1321900487	21915	Tekom
-88.47076011	20.43745635	0.1187461391	21915	Tekom
-88.46659344	20.43745635	0.1047431752	21915	Tekom
-88.46242677	20.43745635	0.1077600643	21915	Tekom
-88.50409347	20.43328968	0.1368016899	21915	Tekom
-88.4999268	20.43328968	0.1456059366	21915	Tekom
-88.49576013	20.43328968	0.103105545	21915	Tekom
-88.49159346	20.43328968	0.0815000087	21915	Tekom
-88.48742679	20.43328968	0.09179578722	21915	Tekom
-88.48326012	20.43328968	0.1019054055	21915	Tekom
-88.47909345	20.43328968	0.1006724313	21915	Tekom
-88.47492678	20.43328968	0.09949238598	21915	Tekom
-88.47076011	20.43328968	0.1149189398	21915	Tekom
-88.46659344	20.43328968	0.1122570336	21915	Tekom
-88.4999268	20.42912301	0.1382273585	21915	Tekom
-88.49576013	20.42912301	0.1123348922	21915	Tekom
-88.49159346	20.42912301	0.09245368838	21915	Tekom
-88.48742679	20.42912301	0.1178956628	21915	Tekom
-88.48326012	20.42912301	0.118435964	21915	Tekom
-88.47909345	20.42912301	0.09103896469	21915	Tekom
-88.47492678	20.42912301	0.08881776035	21915	Tekom
-88.47076011	20.42912301	0.1168522164	21915	Tekom
-88.46659344	20.42912301	0.1365707219	21915	Tekom
-88.4999268	20.42495634	0.1430598795	21915	Tekom
-88.49576013	20.42495634	0.1179905459	21915	Tekom
-88.49159346	20.42495634	0.1083548665	21915	Tekom
-88.48742679	20.42495634	0.1514441818	21915	Tekom
-88.48326012	20.42495634	0.1328310221	21915	Tekom
-88.47909345	20.42495634	0.1022128761	21915	Tekom
-88.47492678	20.42495634	0.1033703536	21915	Tekom
-88.47076011	20.42495634	0.1064702794	21915	Tekom
-88.46659344	20.42495634	0.1280357242	21915	Tekom
-88.4999268	20.42078967	0.09743228555	21915	Tekom
-88.49576013	20.42078967	0.1007255092	21915	Tekom
-88.49159346	20.42078967	0.1064104289	21915	Tekom
-88.48742679	20.42078967	0.1397232711	21915	Tekom
-88.48326012	20.42078967	0.1212262958	21915	Tekom
-88.47909345	20.42078967	0.1071763039	21915	Tekom
-88.47492678	20.42078967	0.1108929291	21915	Tekom
-88.47076011	20.42078967	0.1255051047	21915	Tekom
-88.4999268	20.416623	0.07195189595	21915	Tekom
-88.49576013	20.416623	0.1411634833	21915	Tekom
-88.49159346	20.416623	0.1461040378	21915	Tekom
-88.48742679	20.416623	0.1461314112	21915	Tekom
-88.48326012	20.416623	0.1530433297	21915	Tekom
-88.47909345	20.416623	0.1251020283	21915	Tekom
-88.47492678	20.416623	0.08770411462	21915	Tekom
-88.47076011	20.416623	0.0854280442	21915	Tekom
-88.50409347	20.41245633	0.126223594	21915	Tekom
-88.4999268	20.41245633	0.1066465825	21915	Tekom
-88.49576013	20.41245633	0.1412409991	21915	Tekom
-88.49159346	20.41245633	0.1395548433	21915	Tekom
-88.48742679	20.41245633	0.140390873	21915	Tekom
-88.48326012	20.41245633	0.1354257762	21915	Tekom
-88.47909345	20.41245633	0.1172555238	21915	Tekom
-88.47492678	20.41245633	0.09178479016	21915	Tekom
-88.50409347	20.40828966	0.1050457284	21915	Tekom
-88.4999268	20.40828966	0.1065568626	21915	Tekom
-88.49576013	20.40828966	0.1242156103	21915	Tekom
-88.49159346	20.40828966	0.1177413017	21915	Tekom
-88.48742679	20.40828966	0.1244639829	21915	Tekom
-88.48326012	20.40828966	0.1287762523	21915	Tekom
-88.47909345	20.40828966	0.1124020889	21915	Tekom
-88.50409347	20.40412299	0.1318639666	21915	Tekom
-88.4999268	20.40412299	0.1161938012	21915	Tekom
-88.49576013	20.40412299	0.1053534746	21915	Tekom
-88.49159346	20.40412299	0.1211440638	21915	Tekom
-88.48742679	20.40412299	0.1173164174	21915	Tekom
-88.48326012	20.40412299	0.123529844	21915	Tekom
-88.50409347	20.39995632	0.1452749372	21915	Tekom
-88.4999268	20.39995632	0.1373293251	21915	Tekom
-88.49576013	20.39995632	0.1388376057	21915	Tekom
-88.49159346	20.39995632	0.1512703001	21915	Tekom
-88.48742679	20.39995632	0.1280591339	21915	Tekom
-88.50826014	20.39578965	0.1379240006	21915	Tekom
-88.50409347	20.39578965	0.1413155645	21915	Tekom
-88.4999268	20.39578965	0.1342994869	21915	Tekom
-88.49576013	20.39578965	0.1275643706	21915	Tekom
-88.50826014	20.39162298	0.136648491	21915	Tekom
-88.50409347	20.39162298	0.1349510998	21915	Tekom
-88.4999268	20.39162298	0.1339972764	21915	Tekom
-88.50826014	20.38745631	0.1108297408	21915	Tekom
-88.50409347	20.38745631	0.1176305115	21915	Tekom
-88.50826014	20.38328964	0.09591309726	21915	Tekom
-88.50409347	20.38328964	0.1027268022	21915	Tekom
-88.29992664	20.63745651	1.506907043e-38	21915	Tekom	HIT	00010000	
-88.29575997	20.63745651	1.506907043e-38	21915	Tekom	HIT	00000100	
-88.27909329	20.63328984	0.2168902606	21915	Tekom	HIT	00011100	
-88.27492662	20.63328984	0.2168902606	21915	Tekom	HIT	00011100	
-88.27075995	20.63328984	0.2168902606	21915	Tekom	HIT	00011100	
-88.26659328	20.63328984	0.2168902606	21915	Tekom	HIT	00011100	
-88.26242661	20.63328984	0.2168902606	21915	Tekom	HIT	00011100	
-88.25825994	20.63328984	0.2168902606	21915	Tekom	HIT	00011100	
-88.25409327	20.63328984	0.2168902606	21915	Tekom	HIT	00011100	
-88.2499266	20.63328984	0.2168902606	21915	Tekom    	HIT	00000100	
-88.24159326	20.6249565	0.240366146	21915	Tekom    	HIT	00000011	
-88.30409331	20.62078983	0.240366146	21915	Tekom    	HIT	00110000	
-88.24575993	20.61662316	0.1812835932	21915	Tekom	HIT	10000111	
-88.30825998	20.61245649	0.1812835932	21915	Tekom	HIT	00010000	
-88.24575993	20.61245649	0.191314429	21915	Tekom    	HIT	00000011	
-88.2499266	20.60828982	0.2531246543	21915	Tekom    	HIT	10000001	
-88.31242665	20.60412315	0.2531246543	21915	Tekom	HIT	00111000	
-88.25825994	20.60412315	1.996385336	21915	Tekom    	HIT	11000011	
-88.31659332	20.59995648	1.996385336	21915	Tekom    	HIT	00010000	
-88.26242661	20.59995648	2.005577564	21915	Tekom    	HIT	10000001	
-88.26659328	20.59578981	0.9515818357	21915	Tekom	HIT	00000011	
-88.31659332	20.58745647	0.3009053767	21915	Tekom	HIT	01110000	
-88.31659332	20.5832898	0.1608620137	21915	Tekom	HIT	01111000	
-88.32075999	20.57912313	0.145889014	21915	Tekom    	HIT	00110000	
-88.32492666	20.57495646	0.1420943886	21915	Tekom	HIT	00010000	
-88.27075995	20.57495646	0.130321458	21915	Tekom    	HIT	00000111	
-88.32492666	20.57078979	0.130321458	21915	Tekom    	HIT	01100000	
-88.27075995	20.57078979	0.1374009997	21915	Tekom	HIT	00000111	
-88.32075999	20.56662312	0.1374009997	21915	Tekom	HIT	11100000	
-88.27075995	20.56662312	0.1061337516	21915	Tekom	HIT	00000011	
-88.32492666	20.56245645	0.1061337516	21915	Tekom	HIT	00010000	
-88.32075999	20.56245645	0.1061337516	21915	Tekom	HIT	01111100	
-88.37076003	20.55828978	0.1236288324	21915	Tekom	HIT	00010000	
-88.36659336	20.55828978	0.1236288324	21915	Tekom	HIT	00011100	
-88.34576001	20.55828978	0.1236288324	21915	Tekom	HIT	00011100	
-88.3749267	20.55412311	0.1295909733	21915	Tekom    	HIT	00010000	
-88.3749267	20.54995644	0.1597605199	21915	Tekom    	HIT	01110000	
-88.28325996	20.54995644	0.1713658124	21915	Tekom	HIT	11000001	
-88.27909329	20.54995644	0.1713658124	21915	Tekom	HIT	11000001	
-88.27492662	20.54995644	0.1713658124	21915	Tekom	HIT	10000001	
-88.2915933	20.54578977	0.1703637093	21915	Tekom    	HIT	10000011	
-88.37909337	20.5416231	0.1703637093	21915	Tekom	HIT	00111000	
-88.29575997	20.5416231	0.1371457875	21915	Tekom	HIT	10000011	
-88.39992672	20.53745643	0.1371457875	21915	Tekom	HIT	00010000	
-88.39159338	20.53745643	0.1386239827	21915	Tekom	HIT	00011110	
-88.38742671	20.53745643	0.1386239827	21915	Tekom	HIT	00011100	
-88.29992664	20.53328976	0.1324388385	21915	Tekom	HIT	00000001	
-88.43742675	20.52912309	0.1324388385	21915	Tekom	HIT	00010000	
-88.42909341	20.52912309	0.1385961473	21915	Tekom	HIT	00001110	
-88.40409339	20.52912309	0.1385961473	21915	Tekom	HIT	01111000	
-88.30409331	20.52912309	0.107855238	21915	Tekom    	HIT	00000001	
-88.44159342	20.52495642	0.107855238	21915	Tekom    	HIT	00010000	
-88.42076007	20.52495642	0.1450171173	21915	Tekom	HIT	00001100	
-88.40826006	20.52495642	0.1450171173	21915	Tekom	HIT	00111100	
-88.31659332	20.52495642	0.1199945286	21915	Tekom	HIT	11000011	
-88.31242665	20.52495642	0.1199945286	21915	Tekom	HIT	00000001	
-88.32492666	20.52078975	0.1234885529	21915	Tekom	HIT	11000011	
-88.32909333	20.51662308	0.1166260913	21915	Tekom	HIT	10000011	
-88.44992676	20.51245641	0.1166260913	21915	Tekom	HIT	01111000	
-88.33326	20.51245641	0.1222678721	21915	Tekom    	HIT	10000011	
-88.45409343	20.50828974	0.1222678721	21915	Tekom	HIT	00111000	
-88.33742667	20.50828974	0.1327289939	21915	Tekom	HIT	10000011	
-88.4582601	20.50412307	0.1327289939	21915	Tekom    	HIT	00111100	
-88.34159334	20.50412307	0.1266840845	21915	Tekom	HIT	10000001	
-88.46659344	20.4999564	0.1266840845	21915	Tekom	HIT	00010000	
-88.37076003	20.4999564	0.1107842624	21915	Tekom	HIT	11000001	
-88.36659336	20.4999564	0.1107842624	21915	Tekom	HIT	00000001	
-88.47076011	20.49578973	0.1107842624	21915	Tekom	HIT	00010000	
-88.37909337	20.49578973	0.1302076429	21915	Tekom	HIT	00000001	
-88.47492678	20.49162306	0.1302076429	21915	Tekom	HIT	00010000	
-88.47909345	20.48745639	0.1321616918	21915	Tekom	HIT	00111000	
-88.38742671	20.48745639	0.1348159313	21915	Tekom	HIT	00000001	
-88.48326012	20.48328972	0.1348159313	21915	Tekom	HIT	00111000	
-88.39159338	20.48328972	0.1369668841	21915	Tekom	HIT	00000011	
-88.48742679	20.47912305	0.1369668841	21915	Tekom	HIT	00111000	
-88.49159346	20.47495638	0.1355644912	21915	Tekom	HIT	00111000	
-88.39992672	20.47495638	0.1441827416	21915	Tekom	HIT	10000011	
-88.49576013	20.47078971	0.1441827416	21915	Tekom	HIT	00111000	
-88.40409339	20.47078971	0.1486985534	21915	Tekom	HIT	00000001	
-88.4999268	20.46662304	0.1486985534	21915	Tekom    	HIT	00010000	
-88.42492674	20.46662304	0.1357206702	21915	Tekom	HIT	11000011	
-88.42076007	20.46662304	0.1357206702	21915	Tekom	HIT	11000001	
-88.4165934	20.46662304	0.1357206702	21915	Tekom    	HIT	11000001	
-88.41242673	20.46662304	0.1357206702	21915	Tekom	HIT	10000001	
-88.50409347	20.46245637	0.1357206702	21915	Tekom	HIT	00010000	
-88.43326008	20.46245637	0.08783394843	21915	Tekom	HIT	11000001	
-88.50409347	20.4582897	0.08783394843	21915	Tekom	HIT	01110000	
-88.44159342	20.4582897	0.1158967763	21915	Tekom	HIT	11000011	
-88.43742675	20.4582897	0.1158967763	21915	Tekom	HIT	00000001	
-88.50409347	20.45412303	0.1158967763	21915	Tekom	HIT	01110000	
-88.44576009	20.45412303	0.1424120069	21915	Tekom	HIT	10000001	
-88.50409347	20.44995636	0.1424120069	21915	Tekom	HIT	01110000	
-88.44992676	20.44995636	0.2117969096	21915	Tekom	HIT	00000001	
-88.50409347	20.44578969	0.2117969096	21915	Tekom	HIT	01110000	
-88.45409343	20.44578969	0.278468132	21915	Tekom    	HIT	00000001	
-88.50409347	20.44162302	0.278468132	21915	Tekom    	HIT	01110000	
-88.4582601	20.44162302	0.1366839707	21915	Tekom    	HIT	10000111	
-88.50409347	20.43745635	0.1366839707	21915	Tekom	HIT	01111000	
-88.46242677	20.43328968	0.1122570336	21915	Tekom	HIT	10000111	
-88.50409347	20.42912301	0.1122570336	21915	Tekom	HIT	01110000	
-88.46242677	20.42912301	0.1365707219	21915	Tekom	HIT	00000001	
-88.50409347	20.42495634	0.1365707219	21915	Tekom	HIT	01000000	
-88.50409347	20.42078967	0.1280357242	21915	Tekom	HIT	00010000	
-88.46659344	20.42078967	0.1255051047	21915	Tekom	HIT	00000111	
-88.50409347	20.416623	0.1255051047	21915	Tekom	HIT	01110000	
-88.47076011	20.41245633	0.09178479016	21915	Tekom	HIT	10000011	
-88.47492678	20.40828966	0.1124020889	21915	Tekom	HIT	10000011	
-88.50826014	20.40412299	0.1124020889	21915	Tekom	HIT	00010000	
-88.47909345	20.40412299	0.123529844	21915	Tekom    	HIT	00000001	
-88.50826014	20.39995632	0.123529844	21915	Tekom    	HIT	01111000	
-88.48326012	20.39995632	0.1280591339	21915	Tekom	HIT	00000001	
-88.49159346	20.39578965	0.1275643706	21915	Tekom	HIT	10000011	
-88.49576013	20.39162298	0.1339972764	21915	Tekom	HIT	10000011	
-88.4999268	20.38745631	0.1176305115	21915	Tekom    	HIT	10000111	
-88.50826014	20.37912297	0.1027268022	21915	Tekom	HIT	11000000	
-88.50409347	20.37912297	0.1027268022	21915	Tekom	HIT	00000001	
