0.292651240631766 1
0.291121193782613 2
0.289812759433005 3
0.288903795423762 4
0.288345291398673 5
0.288088237001527 6
0.288083621876114 7
0.288282435666223 8
0.288635668015644 9
0.289094308568167 10
0.28960934696758 11
0.290131772857674 12
0.290612575882237 13
0.29100274568506 14
0.291253271909931 15
0.29131514420064 16
0.291139352200977 17
0.290676885554731 18
0.289878733905691 19
0.288873668854763 20
0.287823471068979 21
0.286728643791321 22
0.285589690264772 23
0.284407113732314 24
0.283181417436929 25
0.281913104621599 26
0.280602678529305 27
0.279250642403031 28
0.277857499485758 29
0.276423753020469 30
0.274949906250145 31
0.273436462417768 32
0.271883924766322 33
0.270292796538787 34
0.268663580978145 35
0.26699678132738 36
0.265199519485198 37
0.263196821397855 38
0.26101604637966 39
0.25868455374492 40
0.256229702807943 41
0.253678852883038 42
0.251059363284511 43
0.248398593326671 44
0.245723902323825 45
0.243062649590282 46
0.240442194440348 47
0.237889896188333 48
0.235433114148543 49
0.233099207635287 50
0.230915535962872 51
0.228909458445606 52
0.227108334397797 53
0.225427827455593 54
0.223765550228774 55
0.222121785492098 56
0.22049681602032 57
0.218890924588198 58
0.217304393970488 59
0.215737506941948 60
0.214190546277333 61
0.212663794751401 62
0.211157535138908 63
0.209672050214612 64
0.208207622753268 65
0.206764535529633 66
0.205343071318465 67
0.20394351289452 68
0.202566143032554 69
0.201211244507325 70
0.199879100093589 71
0.198619180228426 72
0.197471924599838 73
0.196424069858967 74
0.195462352656954 75
0.19457350964494 76
0.193744277474068 77
0.192961392795479 78
0.192211592260313 79
0.191481612519714 80
0.190758190224821 81
0.190028062026777 82
0.189277964576723 83
0.188494634525801 84
0.187664808525152 85
0.186775223225917 86
0.185812615279239 87
0.184763721336257 88
0.183538683214617 89
0.18207941931159 90
0.180420331147759 91
0.178595820243706 92
0.176640288120016 93
0.17458813629727 94
0.172473766296051 95
0.170331579636944 96
0.168195977840531 97
0.166101362427394 98
0.164082134918117 99
0.162172696833283 100
0.160407449693475 101
0.158820795019276 102
0.157447134331268 103
0.156320869150036 104
0.155476400996161 105
0.154238790309756 106
0.152023977042374 107
0.149002681981762 108
0.145345625915668 109
0.141223529631839 110
0.136807113918021 111
0.132267099561963 112
0.12777420735141 113
0.123499158074111 114
0.119612672517812 115
0.11628547147026 116
0.113688275719203 117
0.111991806052388 118
0.111366783257561 119
0.111983928122471 120
0.114013961434863 121
0.117627603982486 122
0.122338366825377 123
0.127541869418996 124
0.133231995144219 125
0.139402627381923 126
0.146047649512984 127
0.15316094491828 128
0.160736396978686 129
0.168767889075079 130
0.177249304588337 131
0.186174526899335 132
0.195537439388951 133
0.205331925438061 134
0.215551868427541 135
0.226191151738268 136
0.23724365875112 137
0.248703272846972 138
0.260563877406702 139
0.27371414518908 140
0.288880875923659 141
0.305815143447482 142
0.324268021597594 143
0.34399058421104 144
0.364733905124865 145
0.386249058176113 146
0.408287117201829 147
0.430599156039058 148
0.452936248524844 149
0.475049468496232 150
0.496689889790267 151
0.517608586243993 152
0.537556631694455 153
0.556285099978697 154
0.573545064933766 155
0.589087600396704 156
0.604149126500783 157
0.620036644653298 158
0.636607100602326 159
0.653717440095944 160
0.671224608882232 161
0.688985552709268 162
0.706857217325129 163
0.724696548477893 164
0.742360491915639 165
0.759705993386446 166
0.77658999863839 167
0.79286945341955 168
0.808401303478005 169
0.823042494561832 170
0.83664997241911 171
0.849080682797916 172
0.860191571446329 173
0.870094169639405 174
0.879045836090445 175
0.887122257704893 176
0.894399121388197 177
0.900952114045801 178
0.906856922583152 179
0.912189233905695 180
0.917024734918875 181
0.921439112528139 182
0.925508053638932 183
0.9293072451567 184
0.932912373986889 185
0.936399127034943 186
0.93984319120631 187
0.943320253406434 188
0.946906000540761 189
0.950676119514738 190
0.95418860928122 191
0.956993998013885 192
0.95915676644941 193
0.960741395324471 194
0.961812365375746 195
0.962434157339912 196
0.962671251953645 197
0.962588129953622 198
0.962249272076521 199
0.961719159059019 200
0.961062271637792 201
0.960343090549517 202
0.959626096530872 203
0.958975770318532 204
0.958456592649176 205
0.95813304425948 206
0.958069605886121 207
0.958330758265776 208
0.958533992387946 209
0.958292569891328 210
0.957664627486392 211
0.956708301883607 212
0.955481729793444 213
0.954043047926373 214
0.952450392992862 215
0.950761901703383 216
0.949035710768405 217
0.947329956898398 218
0.945702776803831 219
0.944212307195175 220
0.9429166847829 221
0.941874046277475 222
0.94114252838937 223
0.940780267829055 224
0.940845401307001 225
0.941165741300367 226
0.941526858671993 227
0.941923527710864 228
0.942350522705965 229
0.942802617946284 230
0.943274587720804 231
0.943761206318514 232
0.944257248028398 233
0.944757487139441 234
0.945256697940631 235
0.945749654720952 236
0.946231131769392 237
0.946695903374934 238
0.947138743826566 239
0.947554427413274 240
0.947937728424042 241
0.948283421147857 242
0.949205518747286 243
0.951210439361865 244
0.954131564746034 245
0.957802276654231 246
0.962055956840897 247
0.966725987060471 248
0.971645749067392 249
0.9766486246161 250
0.981567995461034 251
0.986237243356634 252
0.990489750057339 253
0.994158897317589 254
0.997078066891822 255
0.99908064053448 256
1 257
0.999669527042823 258
0.997922603417388 259
0.99517328634818 260
0.991958072189016 261
0.988294001388328 262
0.984198114394549 263
0.979687451656111 264
0.974779053621449 265
0.969489960738995 266
0.963837213457181 267
0.957837852224442 268
0.951508917489209 269
0.944867449699915 270
0.937930489304995 271
0.93071507675288 272
0.923238252492004 273
0.915517056970799 274
0.9075685306377 275
0.899409713941137 276
0.890367231968976 277
0.87987403529283 278
0.868106652586761 279
0.85524161252483 280
0.841455443781097 281
0.826924675029625 282
0.811825834944473 283
0.796335452199702 284
0.780630055469374 285
0.76488617342755 286
0.749280334748291 287
0.733989068105657 288
0.71918890217371 289
0.70505636562651 290
0.691767987138119 291
0.679500295382598 292
0.668429819034007 293
0.657778797535239 294
0.646703691298262 295
0.635282360450744 296
0.623592665120357 297
0.611712465434771 298
0.599719621521655 299
0.587691993508681 300
0.575707441523518 301
0.563843825693837 302
0.552179006147309 303
0.540790843011603 304
0.529757196414389 305
0.519155926483339 306
0.509064893346122 307
0.499561957130408 308
0.490724977963869 309
0.482631815974174 310
0.475323560373274 311
0.46874111271359 312
0.462812051633492 313
0.457463955771352 314
0.452624403765542 315
0.448220974254433 316
0.444181245876397 317
0.440432797269806 318
0.436903207073031 319
0.433520053924443 320
0.430210916462415 321
0.426903373325318 322
0.423525003151524 323
0.420003384579404 324
0.416266096247329 325
0.412240716793672 326
0.407854824856805 327
0.403343931760653 328
0.398985694790489 329
0.394770911526702 330
0.390690379549681 331
0.386734896439816 332
0.382895259777494 333
0.379162267143106 334
0.37552671611704 335
0.371979404279686 336
0.368511129211431 337
0.365112688492667 338
0.361774879703781 339
0.358488500425162 340
0.3552443482372 341
0.352033220720284 342
0.348845915454802 343
0.345673230021144 344
0.342505961999699 345
0.339356884751315 346
0.33624852267341 347
0.33318629990123 348
0.33017564057002 349
0.327221968815024 350
0.324330708771489 351
0.32150728457466 352
0.318757120359781 353
0.316085640262098 354
0.313498268416856 355
0.311000428959301 356
0.308597546024677 357
0.306295043748229 358
0.304098346265204 359
0.302012877710846 360
0.300044062220401 361
0.298197323929113 362
0.296569919677706 363
0.295233823382762 364
0.294156534793315 365
