1.00 0.00 0.00 0.00
1.00 0.00 0.00 0.00
1.00 0.00 0.00 0.00
1.00 0.00 0.00 0.00
1.00 0.00 0.00 0.00
0.50 0.00 0.00 0.50
1.00 0.00 0.00 0.00
0.00 1.00 0.00 0.00
1.00 0.00 0.00 0.00
1.00 0.00 0.00 0.00
1.00 0.00 0.00 0.00
1.00 0.00 0.00 0.00
0.50 0.50 0.00 0.00
1.00 0.00 0.00 0.00
1.00 0.00 0.00 0.00
0.33 0.33 0.00 0.34
0.50 0.50 0.00 0.00
0.25 0.25 0.25 0.25
0.09 0.00 0.87 0.04
0.09 0.00 0.87 0.04
0.09 0.00 0.87 0.04
0.09 0.00 0.87 0.04
0.00 0.60 0.40 0.00
0.04 0.96 0.00 0.00
0.04 0.96 0.00 0.00
0.04 0.96 0.00 0.00
0.11 0.89 0.00 0.00
0.27 0.55 0.18 0.00
0.90 0.04 0.04 0.02
0.85 0.15 0.00 0.00
0.46 0.54 0.00 0.00
0.59 0.41 0.00 0.00
0.32 0.68 0.00 0.00
0.34 0.66 0.00 0.00
0.34 0.66 0.00 0.00
0.34 0.66 0.00 0.00
