17.5888207226863 1
17.5597251318851 2
17.6322958892204 3
17.4565428233087 4
16.9932786613887 5
16.5697936419032 6
16.454698209823 7
16.6326205184883 8
16.5948016849824 9
16.5117692353913 10
16.6098306144767 11
16.4620213108021 12
16.4754467047261 13
16.3848491969533 14
16.1919190432303 15
16.082325280893 16
16.0570241955487 17
16.1644035685341 18
16.1935200026168 19
16.1545196668398 20
15.9617068596693 21
15.7077167475425 22
15.4057615290717 23
15.3928610323066 24
15.2427840124688 25
15.1453594851336 26
14.8823693863633 27
14.5534244246471 28
14.1913451442163 29
13.9933624758295 30
14.170630504277 31
14.1372323382084 32
14.3916431436563 33
14.5455075237333 34
14.5003769129227 35
14.4896364130978 36
14.4403480774435 37
14.2274308292106 38
13.977762063804 39
13.7093806135982 40
13.6113615340101 41
13.4587546058916 42
13.2770777641876 43
12.9155540493749 44
12.6901051868117 45
12.8226136455496 46
12.9400293965186 47
12.9779677105697 48
12.9717918864572 49
12.6915779827421 50
12.3934137697814 51
12.3012460980025 52
12.280014718569 53
12.2305573073535 54
12.3848974433998 55
12.5000451794124 56
12.3664651411117 57
12.2238617869039 58
12.0848387004709 59
11.7440676716306 60
11.3658929100818 61
11.0495372854257 62
10.8336134405061 63
10.7917726568628 64
10.8700274301988 65
10.695261488345 66
10.6844663404715 67
10.3816774490187 68
10.0945423995357 69
9.88461421854912 70
9.8420098331774 71
9.75655774094377 72
9.6819509795489 73
9.80092217271124 74
9.77487943765411 75
9.62460284257945 76
9.56243419793752 77
9.29826442905783 78
9.10309765807397 79
8.81231684308571 80
8.52487173411498 81
8.3442006932258 82
8.43835067287288 83
8.42277435728784 84
8.41503647262868 85
8.36890136195882 86
8.3208041211262 87
8.22048207618849 88
8.17599033767298 89
8.15128591103747 90
8.15779185835986 91
8.37961763306119 92
8.29561565606515 93
8.23334700574904 94
8.16910077854723 95
8.21453833660147 96
8.46093470392523 97
8.585219708569 98
8.7663425273157 99
8.76854345741448 100
8.65818995490328 101
8.54093218019642 102
8.40417036020781 103
8.28504708127739 104
8.27175062402421 105
8.06329281526637 106
7.92455535086879 107
7.74295381994493 108
7.64081269084328 109
7.55731391757082 110
7.46632677021822 111
7.45454202594612 112
7.3611928822134 113
7.26244645973291 114
7.24587481953581 115
7.3467271039307 116
7.31904954727598 117
7.27280736582009 118
7.24314200216904 119
7.19176034025452 120
7.07666568127093 121
6.91641747406177 122
6.89884375247775 123
6.86599046744491 124
6.84125047226605 125
6.72040164957943 126
6.69096986398373 127
6.67278714106264 128
6.64578840453394 129
6.60297851542486 130
6.58670098426216 131
6.50267888645001 132
6.39958644895348 133
6.2887915395216 134
6.16612453401492 135
6.14300159308022 136
6.13378659163116 137
6.19323839341899 138
6.25892719642341 139
6.31443720252074 140
6.43812222530542 141
6.60266709071616 142
6.6811680263319 143
6.70349936954713 144
6.775545497047 145
6.81377226596653 146
6.80018807844283 147
6.75723460543692 148
6.7790271012338 149
6.73229237409779 150
6.66222439345619 151
6.51558861305447 152
6.49882919052741 153
6.5866947587604 154
6.77133198789839 155
6.90580577350207 156
7.07437705695709 157
7.31739019165381 158
7.53278647822163 159
7.64883743942249 160
7.70390606573289 161
7.73024017199658 162
7.69371545846973 163
7.66495987003262 164
7.59672722990523 165
7.49932381547654 166
7.38576050142169 167
7.30657530343968 168
7.30710007730431 169
7.29314154293998 170
7.27536613283262 171
7.31881361311451 172
7.35696419002684 173
7.30169812091587 174
7.22171425693434 175
7.21402505410657 176
7.22507321825024 177
7.22310707453735 178
7.19233834842281 179
7.2167724874226 180
7.21225756565519 181
7.20122111204623 182
7.25590600784037 183
7.30961164337218 184
7.36059280569272 185
7.47422220759299 186
7.66604300910397 187
7.73501843445019 188
7.77259723496852 189
7.77705965205277 190
7.75420142351855 191
7.69643132313047 192
7.68469369179379 193
7.6325395995014 194
7.55927150716062 195
7.60374867214665 196
7.61560159027499 197
7.61696480920971 198
7.64121169293315 199
7.68423502081232 200
7.6723837732526 201
7.67318888535642 202
7.66952230871172 203
7.70174546729669 204
7.69399030442737 205
7.73927342431275 206
7.79057706954528 207
7.78197784995888 208
7.81005291249766 209
7.80931190965935 210
7.83571147519572 211
7.77204539149458 212
7.7923933094937 213
7.81477626643716 214
7.7771834177998 215
7.72507847350325 216
7.6741153621511 217
7.67776289922337 218
7.59842814874841 219
7.55635151438857 220
7.5679413124671 221
7.59265479867329 222
7.54529630683837 223
7.58644411978845 224
7.61375911706456 225
7.62555366701318 226
7.65599400292589 227
7.69335739957755 228
7.7478958348324 229
7.84053822663921 230
7.85583794807175 231
7.85885059523425 232
7.88070601146911 233
7.98959844920351 234
8.01154501085837 235
7.98620574912723 236
8.01880113199265 237
7.95816445104045 238
7.91559209539415 239
7.93521998870976 240
7.95898077573008 241
7.94447397482495 242
7.91525147859724 243
7.89968490537421 244
7.83244003886149 245
7.79599969500903 246
7.78505446203362 247
7.77946362383752 248
7.84900160855528 249
7.89433123393778 250
7.92852611951991 251
8.02293325784924 252
8.1415449599021 253
8.24465538803138 254
8.23037605275799 255
8.19007320163799 256
8.24984636176046 257
8.32884354717603 258
8.32393972480459 259
8.35030109676236 260
8.2991323089912 261
8.28681121392334 262
8.35383857077563 263
8.41026396089565 264
8.43447115893726 265
8.50890673252345 266
8.61632272931051 267
8.62358835743793 268
8.67684457265209 269
8.67705631779394 270
8.67042388768976 271
8.72033310436263 272
8.73352438313546 273
8.74796623385603 274
8.75073010253966 275
8.77722106826586 276
8.78349253737985 277
8.76574027563039 278
8.78056581562391 279
8.77855738483746 280
8.80134888044671 281
8.84684566870343 282
8.87917853831198 283
8.86866484761067 284
8.97935220828982 285
9.07501220541174 286
9.08881497309483 287
9.08174329534846 288
9.14174488282707 289
9.27483273096801 290
9.44897681768413 291
9.60846355755912 292
9.75206925637629 293
9.83401615964812 294
9.91188477870512 295
10.0845411933941 296
10.2925145149195 297
10.5705766993611 298
10.8203363148567 299
10.935199108977 300
11.1341624073867 301
11.2275628100935 302
11.3813506016883 303
11.6057159832554 304
11.8642179157637 305
12.0008445355373 306
12.1514942191859 307
12.1606599521593 308
12.0551106320976 309
11.8954694790915 310
11.6518995542163 311
11.4931647044053 312
11.4791166174095 313
11.5939912746693 314
11.6262645071803 315
11.5352409842283 316
11.4649677334553 317
11.3706422787934 318
11.4218879685628 319
11.5262598104076 320
11.4565626004936 321
11.4375682849879 322
11.6530158835301 323
12.077464778806 324
12.2750398585533 325
12.3699292195475 326
12.6171104328274 327
12.8069256227248 328
12.933604016421 329
13.2280405695269 330
13.6905199716408 331
14.003971401296 332
13.9510706726315 333
13.9417282283975 334
13.9861654575166 335
14.291877162927 336
14.6205762799766 337
14.8466941580899 338
14.8378405021202 339
14.8002476085505 340
14.8726106879882 341
14.9622172090677 342
15.0707044107513 343
15.1104725544871 344
15.1178917065714 345
15.3053292652727 346
15.2830474015369 347
15.3261405020645 348
15.2790903988259 349
15.4734491170848 350
15.3817872703877 351
15.1318746108932 352
14.9454977842826 353
14.7651399731368 354
14.8816762195633 355
15.1300501408268 356
15.5957158083308 357
15.9316025741655 358
16.1277315922372 359
16.1716189968973 360
16.1661946558893 361
16.3278292869712 362
16.7786845214003 363
16.8692915840429 364
16.7832675385721 365
